[   55.782218] [Project1] 2372 1587920108.887674685 1587920109.759614106
[   56.650961] [Project1] 2371 1587920109.759760492 1587920110.628301616
[   57.517977] [Project1] 2370 1587920110.628611825 1587920111.495310193
[   58.360070] [Project1] 2369 1587920111.496101008 1587920112.337444475
[   59.137726] [Project1] 2368 1587920112.337620310 1587920113.115075626
[  102.243109] [Project1] 2406 1587920155.499679619 1587920156.223210285
[  103.017359] [Project1] 2405 1587920156.223530990 1587920156.997529097
[  103.901621] [Project1] 2404 1587920156.997677341 1587920157.881806580
[  104.777262] [Project1] 2403 1587920157.881946828 1587920158.757462510
[  105.535016] [Project1] 2402 1587920158.757591986 1587920159.515178311
[  108.748490] [Project1] 2424 1587920161.875432533 1587920162.728746488
[  109.564226] [Project1] 2423 1587920162.728927154 1587920163.544438746
[  110.420645] [Project1] 2422 1587920163.544633123 1587920164.400887860
[  111.287136] [Project1] 2421 1587920164.401190210 1587920165.267421254
[  112.134181] [Project1] 2420 1587920165.267558073 1587920166.114405122
[  239.700081] [Project1] 2441 1587920292.009739076 1587920293.678461626
[  241.519731] [Project1] 2440 1587920293.678628959 1587920295.498037511
[  250.247131] [Project1] 2439 1587920295.498548387 1587920304.225422887
[  360.880739] [Project1] 2438 1587920304.225552466 1587920414.858477753
[  392.142353] [Project1] 2512 1587920438.899644120 1587920446.119897900
[  393.850663] [Project1] 2511 1587920446.120367896 1587920447.828234275
[  395.645899] [Project1] 2510 1587920447.828514638 1587920449.623475170
[  397.333898] [Project1] 2509 1587920449.623638774 1587920451.311474793
[  402.700269] [Project1] 2508 1587920451.312132857 1587920456.677777932
[  411.148907] [Project1] 2507 1587920456.678277061 1587920465.126331976
[  425.342507] [Project1] 2506 1587920465.127278149 1587920479.319896845
[  454.791496] [Project1] 2524 1587920507.833070011 1587920508.769013001
[  455.144503] [Project1] 2523 1587920508.769333431 1587920509.122022804
[  455.898396] [Project1] 2522 1587920509.122329545 1587920509.875892061
[  459.480502] [Project1] 2521 1587920509.876234560 1587920513.458007564
[  483.248509] [Project1] 2535 1587920530.151244876 1587920537.226026779
[  484.928442] [Project1] 2534 1587920537.226383247 1587920538.905945928
[  486.342585] [Project1] 2533 1587920538.906484540 1587920540.320093216
[  488.002426] [Project1] 2532 1587920540.320516731 1587920541.979926132
[  493.450358] [Project1] 2531 1587920541.980404682 1587920547.427856209
[  502.053595] [Project1] 2530 1587920547.428248715 1587920556.031112938
[  513.989518] [Project1] 2529 1587920556.031408225 1587920567.967019474
