[   55.782218] [Project1] 2372 1587920108.887674685 1587920109.759614106
[   56.650961] [Project1] 2371 1587920109.759760492 1587920110.628301616
[   57.517977] [Project1] 2370 1587920110.628611825 1587920111.495310193
[   58.360070] [Project1] 2369 1587920111.496101008 1587920112.337444475
[   59.137726] [Project1] 2368 1587920112.337620310 1587920113.115075626
[  102.243109] [Project1] 2406 1587920155.499679619 1587920156.223210285
[  103.017359] [Project1] 2405 1587920156.223530990 1587920156.997529097
[  103.901621] [Project1] 2404 1587920156.997677341 1587920157.881806580
[  104.777262] [Project1] 2403 1587920157.881946828 1587920158.757462510
[  105.535016] [Project1] 2402 1587920158.757591986 1587920159.515178311
[  108.748490] [Project1] 2424 1587920161.875432533 1587920162.728746488
[  109.564226] [Project1] 2423 1587920162.728927154 1587920163.544438746
[  110.420645] [Project1] 2422 1587920163.544633123 1587920164.400887860
[  111.287136] [Project1] 2421 1587920164.401190210 1587920165.267421254
[  112.134181] [Project1] 2420 1587920165.267558073 1587920166.114405122
