[   55.782218] [Project1] 2372 1587920108.887674685 1587920109.759614106
[   56.650961] [Project1] 2371 1587920109.759760492 1587920110.628301616
[   57.517977] [Project1] 2370 1587920110.628611825 1587920111.495310193
[   58.360070] [Project1] 2369 1587920111.496101008 1587920112.337444475
[   59.137726] [Project1] 2368 1587920112.337620310 1587920113.115075626
[  102.243109] [Project1] 2406 1587920155.499679619 1587920156.223210285
[  103.017359] [Project1] 2405 1587920156.223530990 1587920156.997529097
[  103.901621] [Project1] 2404 1587920156.997677341 1587920157.881806580
[  104.777262] [Project1] 2403 1587920157.881946828 1587920158.757462510
[  105.535016] [Project1] 2402 1587920158.757591986 1587920159.515178311
[  108.748490] [Project1] 2424 1587920161.875432533 1587920162.728746488
[  109.564226] [Project1] 2423 1587920162.728927154 1587920163.544438746
[  110.420645] [Project1] 2422 1587920163.544633123 1587920164.400887860
[  111.287136] [Project1] 2421 1587920164.401190210 1587920165.267421254
[  112.134181] [Project1] 2420 1587920165.267558073 1587920166.114405122
[  239.700081] [Project1] 2441 1587920292.009739076 1587920293.678461626
[  241.519731] [Project1] 2440 1587920293.678628959 1587920295.498037511
[  250.247131] [Project1] 2439 1587920295.498548387 1587920304.225422887
[  360.880739] [Project1] 2438 1587920304.225552466 1587920414.858477753
[  392.142353] [Project1] 2512 1587920438.899644120 1587920446.119897900
[  393.850663] [Project1] 2511 1587920446.120367896 1587920447.828234275
[  395.645899] [Project1] 2510 1587920447.828514638 1587920449.623475170
[  397.333898] [Project1] 2509 1587920449.623638774 1587920451.311474793
[  402.700269] [Project1] 2508 1587920451.312132857 1587920456.677777932
[  411.148907] [Project1] 2507 1587920456.678277061 1587920465.126331976
[  425.342507] [Project1] 2506 1587920465.127278149 1587920479.319896845
[  454.791496] [Project1] 2524 1587920507.833070011 1587920508.769013001
[  455.144503] [Project1] 2523 1587920508.769333431 1587920509.122022804
[  455.898396] [Project1] 2522 1587920509.122329545 1587920509.875892061
[  459.480502] [Project1] 2521 1587920509.876234560 1587920513.458007564
[  483.248509] [Project1] 2535 1587920530.151244876 1587920537.226026779
[  484.928442] [Project1] 2534 1587920537.226383247 1587920538.905945928
[  486.342585] [Project1] 2533 1587920538.906484540 1587920540.320093216
[  488.002426] [Project1] 2532 1587920540.320516731 1587920541.979926132
[  493.450358] [Project1] 2531 1587920541.980404682 1587920547.427856209
[  502.053595] [Project1] 2530 1587920547.428248715 1587920556.031112938
[  513.989518] [Project1] 2529 1587920556.031408225 1587920567.967019474
[  557.045545] [Project1] 2543 1587920605.570684579 1587920611.023055417
[  566.093665] [Project1] 2542 1587920611.023372494 1587920620.071184473
[  577.587747] [Project1] 2541 1587920620.071526134 1587920631.565212340
[  594.845505] [Project1] 2540 1587920631.565500923 1587920648.823022234
[  600.277959] [Project1] 2550 1587920652.448165855 1587920654.255447081
[  605.906862] [Project1] 2549 1587920654.255608832 1587920659.884350478
[  613.149893] [Project1] 2551 1587920659.884551619 1587920667.127430422
[  616.463632] [Project1] 2552 1587920667.128022114 1587920670.441150004
[  620.010505] [Project1] 2553 1587920672.214489129 1587920673.988023250
[  627.820962] [Project1] 2559 1587920680.899662764 1587920681.798443710
[  629.635965] [Project1] 2560 1587920682.706572157 1587920683.613431456
[  631.444323] [Project1] 2561 1587920684.534576843 1587920685.421823151
[  633.053543] [Project1] 2558 1587920681.798599874 1587920687.031068934
[  642.628375] [Project1] 2569 1587920689.780634140 1587920696.605883580
[  644.427774] [Project1] 2568 1587920696.606132214 1587920698.405278655
[  648.012242] [Project1] 2567 1587920698.405578971 1587920701.989732151
[  659.379828] [Project1] 2566 1587920701.989877700 1587920713.357356438
[  671.798640] [Project1] 2576 1587920718.692464188 1587920725.776149125
[  671.946701] [Project1] 2575 1587920725.776970454 1587920725.924222929
[  684.816666] [Project1] 2579 1587920726.213197321 1587920738.794191501
[  690.853966] [Project1] 2578 1587920738.794483157 1587920744.831453585
[  691.147974] [Project1] 2577 1587920744.831641037 1587920745.125461547
[  713.960974] [Project1] 2588 1587920767.052600773 1587920767.938457528
[  714.771327] [Project1] 2587 1587920767.938648333 1587920768.748825529
[  715.611819] [Project1] 2586 1587920768.749111597 1587920769.589349697
[  716.493233] [Project1] 2585 1587920769.589638838 1587920770.470705626
[  717.399936] [Project1] 2584 1587920770.471077180 1587920771.377425243
[  743.358536] [Project1] 2594 1587920788.950184464 1587920797.336044186
[  750.520983] [Project1] 2593 1587920797.336281086 1587920804.498471343
[  793.929341] [Project1] 2605 1587920839.089389080 1587920847.906844382
[  804.626768] [Project1] 2604 1587920847.907106984 1587920858.604300333
[  816.982963] [Project1] 2603 1587920858.604583608 1587920870.960451913
[  822.390984] [Project1] 2602 1587920870.960593829 1587920876.368473244
[  831.665780] [Project1] 2600 1587920877.274193578 1587920885.643311887
[  837.906402] [Project1] 2601 1587920876.368628570 1587920891.883913128
[  872.476372] [Project1] 2616 1587920920.938718317 1587920926.453872739
[  873.856431] [Project1] 2615 1587920926.454181994 1587920927.833944950
[  875.291997] [Project1] 2614 1587920927.834235767 1587920929.269461028
[  876.745338] [Project1] 2613 1587920929.269675020 1587920930.722838208
[  890.471670] [Project1] 2610 1587920930.723516502 1587920944.449156887
[  897.533967] [Project1] 2611 1587920944.449308861 1587920951.511455435
[  902.475217] [Project1] 2612 1587920930.723276808 1587920956.452429964
[  931.520769] [Project1] 2630 1587920979.098607971 1587920985.498115055
[  933.312353] [Project1] 2629 1587920985.499274413 1587920987.289862275
[  934.887961] [Project1] 2628 1587920987.290094426 1587920988.865428280
[  936.397651] [Project1] 2627 1587920988.865595619 1587920990.375165640
[  951.741603] [Project1] 2624 1587920991.166441663 1587921005.719126370
[  960.631398] [Project1] 2625 1587921005.719414115 1587921014.608432276
[  964.835746] [Project1] 2626 1587920990.375507860 1587921018.813276569
[  988.925596] [Project1] 2639 1587921035.692281357 1587921042.903106835
[  990.448352] [Project1] 2638 1587921042.903371951 1587921044.425853592
[  994.002966] [Project1] 2637 1587921044.426168155 1587921047.980450958
[ 1005.313371] [Project1] 2636 1587921047.980695121 1587921059.290882841
[ 1023.407316] [Project1] 2646 1587921070.212670158 1587921077.384822237
[ 1023.589272] [Project1] 2645 1587921077.385105790 1587921077.566771094
[ 1036.101482] [Project1] 2649 1587921077.951783377 1587921090.078449614
[ 1043.273701] [Project1] 2648 1587921090.079283235 1587921097.251183886
[ 1043.575973] [Project1] 2647 1587921097.251392850 1587921097.553439217
[ 1091.715955] [Project1] 2662 1587921130.382732933 1587921145.693421789
[ 1098.885488] [Project1] 2661 1587921145.693579908 1587921152.862991928
[ 1106.059974] [Project1] 2660 1587921152.863320459 1587921160.037457766
[ 1106.076636] [Project1] 2659 1587921160.037591302 1587921160.054141059
[ 1106.093556] [Project1] 2658 1587921160.054387178 1587921160.071066002
[ 1117.605945] [Project1] 2657 1587921160.071357657 1587921171.583430815
[ 1126.493832] [Project1] 2656 1587921171.583583347 1587921180.471360048
[ 1131.903864] [Project1] 2655 1587921180.471577114 1587921185.881402966
[ 1195.944324] [Project1] 2670 1587921243.604664631 1587921249.921851442
[ 1197.742541] [Project1] 2669 1587921249.922002856 1587921251.720059887
[ 1202.440869] [Project1] 2668 1587921251.720386184 1587921256.418421689
[ 1214.502802] [Project1] 2672 1587921266.925514800 1587921268.480333609
[ 1217.362848] [Project1] 2671 1587921268.480580287 1587921271.340397562
[ 1222.450017] [Project1] 2680 1587921275.528467802 1587921276.427507811
[ 1223.367592] [Project1] 2679 1587921276.427656432 1587921277.345093354
[ 1224.255426] [Project1] 2678 1587921277.345507091 1587921278.232926426
[ 1227.808811] [Project1] 2677 1587921278.233094044 1587921281.786286069
