[20633.648078] [Project1] 8930 1588090888.294967351 1588090889.129775587
[20635.314669] [Project1] 8931 1588090889.986760690 1588090890.796434903
[20637.019082] [Project1] 8932 1588090891.676740013 1588090892.500810459
[20638.702686] [Project1] 8933 1588090893.357471409 1588090894.184440792
[20640.350770] [Project1] 8934 1588090895.026876678 1588090895.832544384
[20641.974151] [Project1] 8935 1588090896.687009990 1588090897.455879613
[20643.748106] [Project1] 8936 1588090898.379509968 1588090899.229833636
[20645.424697] [Project1] 8937 1588090900.065697318 1588090900.906451831
[20647.034711] [Project1] 8938 1588090901.759171272 1588090902.516440121
[20648.712690] [Project1] 8940 1588090903.380806555 1588090904.194462803
